# m=1.3, b=-0.2
# x y yerr
1.200249604107433976e-01 -5.349859245544622693e-02 2.999999999999999889e-01
1.403443470733420351e-01 3.179817760585512687e-01 2.999999999999999889e-01
1.904536352185674242e-01 6.622838742711424365e-01 2.999999999999999889e-01
4.209950625812939884e-01 1.737953522565878484e-01 2.999999999999999889e-01
5.083415734758982563e-01 2.307194806540597554e-01 2.999999999999999889e-01
5.403845264582126662e-01 4.967931860536950461e-02 2.999999999999999889e-01
6.057992008737508316e-01 8.146642398619936554e-01 2.999999999999999889e-01
6.559068812067302412e-01 5.752683760345187469e-01 2.999999999999999889e-01
8.447341829639115618e-01 7.322604765408230465e-01 2.999999999999999889e-01
1.067217469425617127e+00 1.433646427893378483e+00 2.999999999999999889e-01
1.075603622498516376e+00 1.087630310156384228e+00 2.999999999999999889e-01
1.170826608502025579e+00 9.314000916663851548e-01 2.999999999999999889e-01
1.325144381341520905e+00 1.706598638954905489e+00 2.999999999999999889e-01
1.405962966343541121e+00 1.757693204910670381e+00 2.999999999999999889e-01
1.492889790226616942e+00 1.633756101144582029e+00 2.999999999999999889e-01
1.515954144927413871e+00 1.873834312554250259e+00 2.999999999999999889e-01
1.570059445006971144e+00 1.674610714757847285e+00 2.999999999999999889e-01
1.922568072902975933e+00 2.464894604057502825e+00 2.999999999999999889e-01
2.191548574951796891e+00 2.867409185540517935e+00 2.999999999999999889e-01
2.210412512225865100e+00 2.391019809062392643e+00 2.999999999999999889e-01
