# k, BAHAMAS logT 7.6, BAHAMAS logT 7.8, BAHAMAS logT 8.0, EAGLE, COSMO-OWLS AGN, COSMO-OWLS AGN logT 8.7 Planck, COSMO-OWLS REF, Illustris, TNG300, Horizon-AGN, SIMBA
#  From https://powerlib.strw.leidenuniv.nl, http://arxiv.org/abs/1906.00968
9.271337300000000170e-02 9.994751284276709447e-01 9.989363406457432148e-01 9.973621255476693426e-01 9.999375782562717196e-01 1.001632722551372146e+00 9.945130960751568105e-01 1.002013951403146974e+00 9.991907608414294373e-01 9.999612875484684693e-01 1.006589474609953738e+00 9.981845334355111676e-01
1.044643344151264391e-01 9.993065175391138144e-01 9.986123065176931712e-01 9.967575967428847772e-01 9.998837498841608440e-01 1.001494924254948016e+00 9.927727860874583365e-01 1.002001904530991139e+00 9.988049492775030735e-01 9.999453943094812614e-01 1.006495370203571715e+00 9.975902834082216453e-01
1.177046720627387133e-01 9.990450158578105810e-01 9.981880573472081686e-01 9.959716219612750887e-01 9.998247021224149211e-01 1.001197438342811497e+00 9.902991496459648824e-01 1.001938652118836037e+00 9.979810102379225167e-01 9.999136751522794686e-01 1.006464417233745801e+00 9.968466720581065088e-01
1.326231570130096404e-01 9.988049623698564972e-01 9.977823920253485745e-01 9.950305115545207135e-01 9.997596720918825453e-01 1.000937942204930931e+00 9.876766297967816133e-01 1.001859207744329794e+00 9.967430263699239568e-01 9.998560954522440758e-01 1.006500161228188528e+00 9.959386666375803498e-01
1.494324861354883738e-01 9.984950474877485327e-01 9.971967151493075221e-01 9.936919563604931227e-01 9.996875432650402793e-01 1.000673430835638866e+00 9.840833867255495138e-01 1.001808239229814212e+00 9.952181981416915457e-01 9.998003964306292346e-01 1.006594764340811299e+00 9.948606492657258160e-01
1.683723145758208029e-01 9.981302644398267754e-01 9.965640921509277828e-01 9.922037154657210589e-01 9.996066325276758979e-01 1.000295436935656923e+00 9.793542740225686938e-01 1.001676002003889732e+00 9.935810468231079939e-01 9.997457660986236450e-01 1.006719796766851971e+00 9.936250822557248785e-01
1.897126725838937378e-01 9.977704418937548558e-01 9.958153286993526310e-01 9.905952575264913573e-01 9.995143623836280078e-01 9.998242576700746564e-01 9.751837522400004232e-01 1.001567944368195295e+00 9.918806446831081036e-01 9.996572148162284899e-01 1.006811797807985132e+00 9.922761828533075423e-01
2.137578154080454762e-01 9.972298923479271382e-01 9.948158213786095772e-01 9.881895967261307145e-01 9.994067617427347949e-01 9.992039735280275892e-01 9.689685996803476531e-01 1.001140800618469440e+00 9.900971273033957187e-01 9.995252651018230461e-01 1.006771771048501352e+00 9.908582141850121872e-01
2.408505611443230721e-01 9.964242852439695319e-01 9.935370944921562142e-01 9.853826902765333573e-01 9.992777123567416764e-01 9.984311227695221724e-01 9.612806586819517829e-01 1.001067764820809058e+00 9.877098560437284069e-01 9.993649608980837984e-01 1.006676034929777863e+00 9.892412849317476775e-01
2.713771783866760212e-01 9.955026593271945057e-01 9.919008517955678617e-01 9.820457409293111839e-01 9.991178196781145271e-01 9.974719377585173907e-01 9.533939901306700548e-01 1.000682226338763359e+00 9.836531791936810043e-01 9.991717774565184174e-01 1.006828137354486952e+00 9.871306131129724548e-01
3.057728933626344681e-01 9.944851914310460783e-01 9.901922270162734074e-01 9.782085920002353552e-01 9.989171657206632471e-01 9.963186697774852885e-01 9.444650204580194996e-01 1.000333125433432890e+00 9.778502177938344087e-01 9.989251591810547337e-01 1.007044414597074500e+00 9.840524742762237764e-01
3.445280950711936963e-01 9.932568666946260949e-01 9.879182263292457522e-01 9.736527411713570279e-01 9.987021389453064613e-01 9.948670308229795589e-01 9.350709045189062874e-01 9.996366639969175294e-01 9.712663124821830918e-01 9.986263614097349306e-01 1.006233635487006506e+00 9.794711789654035883e-01
3.881953268912314292e-01 9.916433042126736597e-01 9.852444763805068284e-01 9.681561557374098737e-01 9.985458971493798019e-01 9.930067736525328703e-01 9.240298642398706574e-01 9.990914601948631679e-01 9.636818787866794356e-01 9.982937554719027995e-01 1.005280068330389742e+00 9.746462373639790400e-01
4.373971643417064459e-01 9.895535666600246971e-01 9.819626190362792384e-01 9.615389755293541896e-01 9.984327966337901428e-01 9.907554344582065742e-01 9.128988990620229282e-01 9.984619938728610533e-01 9.545996560999173708e-01 9.979276865709865163e-01 1.006429833771330884e+00 9.714743548055351230e-01
4.928350913089964425e-01 9.875238991261351407e-01 9.784862057918598532e-01 9.544776033509428936e-01 9.980992984413901148e-01 9.884036786887343551e-01 9.030800951772381957e-01 9.973369146650860051e-01 9.437128878074697580e-01 9.975210699649451618e-01 1.006507309260752825e+00 9.685293453111744055e-01
5.552995012921425610e-01 9.849242048378538117e-01 9.741086778640990484e-01 9.464608739608630916e-01 9.976322804847110870e-01 9.851956471762949308e-01 8.925075957130260695e-01 9.959903855462522992e-01 9.306912572974733733e-01 9.970819140371183220e-01 1.004896309533067411e+00 9.619109271524011184e-01
6.256809662564571939e-01 9.820324904581309022e-01 9.692351823616253137e-01 9.374886593651829969e-01 9.974318628738615411e-01 9.815609516725263273e-01 8.828510129325973788e-01 9.949244044028570100e-01 9.151355602329177552e-01 9.966246168704211428e-01 1.003672144141082079e+00 9.576666976281178467e-01
7.049829337585851174e-01 9.788528878115204668e-01 9.638335690411410361e-01 9.290250133252152542e-01 9.961524689437801783e-01 9.774639173597808872e-01 8.754165989840289042e-01 9.936667311463850405e-01 8.969935633017154242e-01 9.961434463089616775e-01 1.003626671389651115e+00 9.505143861480465084e-01
7.943360333693586517e-01 9.757753746069638412e-01 9.585659277280114132e-01 9.202364773506562790e-01 9.946929574046253775e-01 9.735326916169598777e-01 8.672005515797293063e-01 9.927222048765900198e-01 8.771339185038155017e-01 9.956413944196966792e-01 1.002396827037174587e+00 9.455687771328182833e-01
8.950141963649810295e-01 9.722939930984191292e-01 9.524499607599299367e-01 9.108657254442639184e-01 9.934369540324117231e-01 9.686458016933799930e-01 8.589250577300093781e-01 9.917882714360436447e-01 8.564917335316719615e-01 9.951960911624938566e-01 1.000699109902912110e+00 9.395071301243068662e-01
1.008452818509332216e+00 9.687531249134763156e-01 9.464313184771604437e-01 9.020243423620502021e-01 9.940393317622128189e-01 9.634107546672402433e-01 8.514125174687364739e-01 9.909431020886682040e-01 8.354786826901873242e-01 9.948920280232329549e-01 1.001216093821451381e+00 9.341962833177535064e-01
1.136269224879087547e+00 9.649181194198837019e-01 9.394322906275719420e-01 8.925217576833289757e-01 9.933094689245084430e-01 9.576555507904486175e-01 8.425543241228573565e-01 9.911261552687017362e-01 8.148214542230849400e-01 9.946603028279571435e-01 9.984172153585394449e-01 9.271006799644038177e-01
1.280285728504187981e+00 9.605756735927659662e-01 9.326082378881361823e-01 8.828549943278203305e-01 9.947234466589317536e-01 9.512463364716872150e-01 8.326128582416393309e-01 9.903904452886580501e-01 7.957703337163247737e-01 9.944014619461329918e-01 9.964117604010286344e-01 9.222173359346522714e-01
1.442555611576933572e+00 9.572126839800990661e-01 9.261560401399836495e-01 8.735940773233176193e-01 9.950061855180721837e-01 9.449420511307756732e-01 8.222347310780845353e-01 9.909735111414639253e-01 7.787648008699433744e-01 9.941571403519772199e-01 1.000615324469405376e+00 9.165542532484557414e-01
1.625392399650803954e+00 9.527820820126619017e-01 9.182136641116970255e-01 8.641824411653408200e-01 9.961645638628815469e-01 9.374067650590668377e-01 8.150487707496331113e-01 9.929007541915901847e-01 7.627069279416908154e-01 9.938909620902334208e-01 9.994562431475255693e-01 9.053018130075735082e-01
1.831402846199182477e+00 9.498134120413140868e-01 9.119339569729464356e-01 8.545779398079128564e-01 9.956511359776810677e-01 9.290862277861249297e-01 8.057227440780472261e-01 9.941592503763169164e-01 7.469941569739565468e-01 9.932267991918711791e-01 9.969506600546623742e-01 8.953699668497004938e-01
2.063524097803731028e+00 9.452777540255358213e-01 9.042125254765833731e-01 8.457429485314478246e-01 9.975260268497296856e-01 9.219398193631774818e-01 7.981355981250684017e-01 9.972838795021630176e-01 7.318028960173857955e-01 9.916453976530180681e-01 9.900652592098503346e-01 8.863518143360409329e-01
2.325065569846553437e+00 9.427925438762710941e-01 8.971387089562723460e-01 8.352718910704781674e-01 1.000793777225103653e+00 9.136010040469850768e-01 7.937586198196164844e-01 1.002169032197860687e+00 7.171873200728775544e-01 9.886273067041742024e-01 9.912244604659682379e-01 8.728768712629908499e-01
2.619756129739200912e+00 9.379850533265813306e-01 8.899322604601651587e-01 8.278783618639619091e-01 9.992953696295350241e-01 9.030183327021860107e-01 7.856844870242977175e-01 1.006293055692431659e+00 7.030050876562315976e-01 9.837369337706626249e-01 9.880627436132833896e-01 8.668903174879780682e-01
2.951797260392558631e+00 9.315363927831512569e-01 8.793849765773592564e-01 8.149401153979431989e-01 1.001497879937260249e+00 8.918884882657623914e-01 7.721801830941737999e-01 1.010384225261830249e+00 6.897081717321162930e-01 9.768662486322733374e-01 9.803534555572970266e-01 8.534143468580056568e-01
3.325922961893559293e+00 9.246577979223705723e-01 8.705706777073980440e-01 8.076719484084632361e-01 9.976590233720591394e-01 8.804397936555655724e-01 7.675067976368886713e-01 1.017116853010032518e+00 6.783458817386127659e-01 9.678982230403810894e-01 9.700791555159269386e-01 8.373447953931048016e-01
3.747467245423123927e+00 9.201709003608031789e-01 8.640796118674264337e-01 7.999605895092813945e-01 9.919048823239166035e-01 8.713240615225756880e-01 7.623458364772545126e-01 1.028077656174620325e+00 6.691534587813174895e-01 9.566578225461161988e-01 9.571682139509882781e-01 8.254661019837979952e-01
4.222440181694327777e+00 9.136645453909087999e-01 8.552256739588324219e-01 7.924018496470816020e-01 9.829661252514373393e-01 8.609669150867954590e-01 7.621631834789820426e-01 1.033243511216026311e+00 6.615543793804030681e-01 9.431476952065823705e-01 9.469542752646603612e-01 8.128015774577598274e-01
4.757613588153928319e+00 9.052436327009302230e-01 8.479226386675814409e-01 7.871222456881490359e-01 9.710151658598196178e-01 8.499991348056230578e-01 7.535072855229665301e-01 1.043875532379285209e+00 6.558190041477495180e-01 9.276798702759586623e-01 9.301961752624586799e-01 7.961660593466289848e-01
5.360617576612833446e+00 9.017009320293812857e-01 8.392794438025247272e-01 7.799304973171167221e-01 9.532686010785680342e-01 8.378789227719617427e-01 7.478533666607800612e-01 1.051457231135296544e+00 6.527653917440947584e-01 9.106534239019808963e-01 9.157264891912800797e-01 7.777865916784988398e-01
6.040049337811145946e+00 8.979148404871880595e-01 8.354661394461321278e-01 7.814655542999380256e-01 9.395052946678736916e-01 8.307788908041054965e-01 7.465879582263365011e-01 1.064511147315358786e+00 6.530552766050654601e-01 8.925747190905014561e-01 9.023118541540868787e-01 7.718170583027461618e-01
6.805595713888728859e+00 8.973193864862446523e-01 8.372391934155896109e-01 7.774972523465329965e-01 9.239272855783496885e-01 8.285734288535581138e-01 7.460122949467173914e-01 1.076359434607327747e+00 6.571417916279477245e-01 8.740096817154143771e-01 8.936014041328044222e-01 7.587837066548852594e-01
7.668171306310076929e+00 8.976331971291354739e-01 8.348202132607883685e-01 7.801803789944523615e-01 8.944355955874528918e-01 8.267322544781211535e-01 7.468715490338834195e-01 1.098412074091627000e+00 6.651194092632854993e-01 8.556505168770343062e-01 8.821103810362044273e-01 7.494326326564210161e-01
8.640074088285548015e+00 8.976911127273914381e-01 8.350857289970454733e-01 7.774749787692956104e-01 8.786756582827782713e-01 8.297416124410856852e-01 7.411293363428981262e-01 1.138670748633620722e+00 6.764279129994675843e-01 8.385261112514327264e-01 8.795595107804932145e-01 7.263233186971270738e-01
9.735160740297203574e+00 9.117574189040702493e-01 8.493936305328692038e-01 8.008161788474541520e-01 8.575604498705770018e-01 8.273738382428642568e-01 7.607911586465360143e-01 1.155645149193428090e+00 6.894476348134763732e-01 8.238696073391338359e-01 8.750987857884369170e-01 7.287485728398592766e-01
1.096904420853523021e+01 9.191715072867165937e-01 8.553774801505765746e-01 7.944276684829315593e-01 8.389115644549646200e-01 8.452998381151227703e-01 7.594507738829615606e-01 1.206067635665667437e+00 7.022979505035326087e-01 8.129913158575932108e-01 8.695268489368728204e-01 7.242713961481591634e-01
1.235931630288902205e+01 9.264534977247607106e-01 8.679763797236227374e-01 8.022981044272462503e-01 8.237826929956665323e-01 8.493641822836504041e-01 7.761001656363361034e-01 1.252352714204885364e+00 7.156497200326958907e-01 8.057117161184202958e-01 8.675260245191873665e-01 7.177819941620813271e-01
1.392579850813239695e+01 9.501650498625294761e-01 8.845568070657070514e-01 8.277007436149942388e-01 8.139650431025186039e-01 8.656156136917468880e-01 7.867874419373177552e-01 1.308116835145943790e+00 7.311274582390504539e-01 8.004033326763392298e-01 8.719855375563988487e-01 7.076125781196422881e-01
1.569082458418606407e+01 9.698722888809978571e-01 9.057144227952282911e-01 8.444791864912745138e-01 8.024427780120968468e-01 8.884639670335992001e-01 8.102439015742911588e-01 1.393736899625446224e+00 7.504530286627195679e-01 7.969309296348963123e-01 8.775697173966192643e-01 7.091913290469754605e-01
1.767955898456525432e+01 1.018633224394772441e+00 9.479199773391210337e-01 8.881491826850310689e-01 7.899631006504822528e-01 9.120171106341908862e-01 8.253446391593133313e-01 1.479582772536010005e+00 7.749728624397439480e-01 7.960074812768319630e-01 8.858993180795975420e-01 7.214744032752468117e-01
1.992035563279074140e+01 1.034293974053061893e+00 9.730359304780320517e-01 8.984922826996639689e-01 7.860101791339240140e-01 9.669042934803846467e-01 8.475744070329307434e-01 1.593222950597406706e+00 8.037793401271804417e-01 7.976080828145877266e-01 8.991017557787441827e-01 7.257359277231750783e-01
2.244516217193501362e+01 1.096986452328575723e+00 1.015420639098921995e+00 9.507349668245901331e-01 7.792097309326442289e-01 1.011687304114043284e+00 8.853281623785511645e-01 1.733684213203732671e+00 8.370328940983480237e-01 8.012701344362228584e-01 9.141497748944275026e-01 7.450812020374750766e-01
2.528997545079892717e+01 1.139317652584092899e+00 1.060163058873533570e+00 9.935593072495403355e-01 7.856439756409602237e-01 1.053685850594366702e+00 9.364909997727003388e-01 1.885226167451005574e+00 8.752718866117948915e-01 8.076181636231298810e-01 9.473854637663211564e-01 7.642575839226093404e-01
2.849535474070821195e+01 1.231070109175008032e+00 1.139451036264103712e+00 1.067109129754159058e+00 7.961266566624040086e-01 1.133445215524068184e+00 1.003053645129035498e+00 2.130639526367677394e+00 9.130109427912384001e-01 8.176485995912160520e-01 9.801137950710747671e-01 7.939130318357201510e-01
3.210699999999999932e+01 1.287771957535365219e+00 1.217596456189943055e+00 1.124072486442485141e+00 8.070594100145054295e-01 1.240920349846428739e+00 1.062349269476794644e+00 2.399438118192923852e+00 9.499560864485688816e-01 8.315953351089994117e-01 1.017907327094688785e+00 8.269279505020333820e-01
